3402
3930
5966
6482
1264
10701
5535
8582
5759
10990
7458
8727
7147
8103
4401
9423
4857
3512
3537
3989
6672
2255
10824
6912
11942
3673
7657
2029
1121
6438
333
4227
2793
8634
6278
4342
10544
10860
2936
2361
3687
893
9506
10747
3808
4408
10357
3875
5425
11551
6024
1086
5864
1896
5100
7706
2459
10377
103
8696
8754
8201
2618
5206
1173
11641
11501
9307
11916
9743
885
2590
362
7591
6029
69
4350
2711
10665
1951
9952
4528
3611
10365
4164
10465
6790
8027
9015
7388
1596
5066
10063
9518
3730
10884
11126
5750
2155
3936
10327
10560
5750
5693
96
5202
3531
11825
5825
3895
4964
5765
6147
6977
9965
5339
6607
9753
11569
8023
7560
9787
10068
8657
620
8879
7567
5080
5853
2772
8464
6163
4108
11827
6267
9098
1528
5497
6471
6570
6220
377
6857
7585
8444
9902
10648
197
7405
5509
8359
2332
7848
6133
6974
10093
6102
1329
10250
9633
10129
1193
9487
8648
7306
5405
2048
10962
11325
2308
7148
2397
9537
10906
7170
2312
6444
11942
7753
2660
1768
2974
9343
5318
8631
387
8681
10712
4852
2765
878
2376
2245
4852
3262
5133
3001
1553
11099
909
877
2952
2590
6039
9862
10348
219
2964
368
3546
7545
5831
730
9430
10976
7295
3864
8829
849
3166
9468
5225
1297
6128
10965
8600
7937
7797
7638
8960
8326
1755
10002
2647
2440
6973
2441
6487
1069
11151
3506
2138
11091
7055
974
3736
5995
5762
3900
11968
7826
3035
7366
7185
858
663
11467
10972
5908
7615
6343
5795
11052
6240
1638
9931
3843
10529
9759
11814
5795
2559
11666
6282
7900
5773
5653
4880
10435
3631
11693
5471
9025
11426
362
10848
2175
5700
4297
5854
10959
9710
11253
9747
11523
755
7550
3075
5332
1992
2606
6317
2743
11431
11620
852
8562
4379
219
11516
9633
10461
1988
6077
2319
4578
11244
10439
9894
10875
1320
1152
6392
11708
2838
7070
8425
4081
1023
9511
11715
9711
4157
11282
10798
2042
4557
1204
8381
72
3241
4505
3248
10683
11536
508
10425
10475
9340
7497
10450
4725
2664
4460
6172
9096
6226
4623
5392
1111
564
8240
5960
3200
5044
10078
636
7191
8534
4336
2013
3716
237
466
5269
6836
4276
5401
6286
8441
7104
5172
2829
6674
671
11727
11059
3576
2527
915
519
11587
8603
3255
8088
10250
1430
3952
10995
5666
3918
3062
1104
1691
490
312
11028
5793
3550
10212
9466
11754
3678
5512
8333
6003
10850
10922
3741
2424
11158
8151
2875
5821
1184
3959
5050
9025
85
10828
3929
6740
1843
3179
6927
4752
878
795
3206
7996
11288
7141
5531
9246
3478
9759
11338
11838
9820
710
6982
8837
7163
5265
4014
3438
4679
8581
3622
3176
2459
7091
11077
5637
7654
7634
10012
3883
698
9049
8855
11682
2218
51
437
5912
1757
9640
11055
10129
8264
112
745
3297
9543
1976
482
7098
7472
2594
2290
3945
3755
4386
6915
2025
11360
3690
4794
1150
7485
132
3401
8114
5059
4383
5919
6515
9187
5665
4298
7628
6877
1179
10341
11924
4577
9822
7340
11228
6665
8137
2131
3265
7006
9408
1031
9490
5076
1099
7241
7564
9843
9575
9660
3816
6725
2074
3872
2189
7430
4415
7239
6874
3314
8655
5555
9828
4149
4204
2663
1751
9781
4425
8709
9874
4148
10696
1374
8014
3485
1266
3493
7926
1263
912
7846
9800
3517
7478
9745
8047
3712
6837
8172
8166
2141
10646
6792
7468
11068
9435
7059
6826
3455
7178
951
4411
8092
4427
4524
7462
7276
5418
9502
691
6955
239
4590
9794
7331
4277
6922
7784
4401
11534
7276
2553
3783
290
2207
8008
11394
6772
10179
6562
9140
7026
11047
5529
3801
11209
948
6060
5594
1770
1662
4822
5663
5744
8943
3477
6851
5410
4112
9286
3574
9063
11376
3808
8473
427
11848
3670
5763
1471
8231
1763
9802
6940
3322
6997
10366
11870
7268
11873
5497
3700
6454
9639
10495
8257
11394
4709
3751
7981
11736
7232
10601
3225
7701
11409
11202
7260
10784
11092
7712
8824
8486
1651
11621
2638
8135
1807
2073
6254
5517
7287
4398
6907
1075
11684
8746
2790
1877
6758
3892
11181
9308
8703
8708
11359
654
519
11668
9028
11250
1679
9002
7198
795
2600
690
2015
6758
9278
486
3017
5403
491
1517
9587
9080
6567
723
3081
2788
10534
11525
1206
11831
1782
559
7632
3567
10976
3223
7674
3780
2965
7940
2086
4102
5864
10716
11549
11267
9162
1515
415
1571
7958
330
11596
7016
7832
5569
11138
8992
7818
2484
11177
7174
11167
8832
1336
9464
11254
830
7512
9344
10965
4708
9147
7947
2306
1715
1727
3425
10750
1492
6100
5865
3920
2017
4620
2059
8803
10085
1777
2837
3491
8395
4050
4468
768
7783
10182
821
5464
2
6892
2483
1525
11685
4246
986
8136
5716
7462
8574
4977
2247
11909
10590
4854
1913
1345
4654
7443
4554
6176
8166
4769
11862
10547
1486
7322
1830
584
10336
11322
10757
4875
5453
4690
6767
8500
2504
7632
11455
3506
4515
3527
7180
7661
2768
962
956
7622
4146
10213
9571
6403
3327
1428
679
6059
3032
987
11127
10964
4678
5132
10565
10894
5350
2049
9700
8320
915
6876
8079
10876
1402
8941
8335
9951
5412
10648
8139
9633
7420
2918
9862
971
5186
9040
1022
6577
6328
959
126
2035
11261
1770
8300
9426
6257
7094
5396
10455
3290
6483
7844
2263
4622
11718
475
9938
1774
6000
9953
64
8540
8577
11107
1376
139
7196
5650
11603
1398
2071
1171
10102
7995
5660
3187
11657
375
4574
2262
4033
3853
1333
11811
2458
4686
2424
10161
8141
6616
9276
2842
7273
9380
4262
3770
7641
10124
744
1104
10068
10463
397
1054
3347
8058
756
6751
2154
2164
855
9524
9608
3505
7300
2550
11765
6115
10797
7814
4233
8469
372
4651
7452
7265
8968
1918
10857
5628
16
9906
1252
10316
9865
10601
5131
3649
3524
7768
8530
1474
5272
5546
11196
8330
6980
11837
4419
11325
3850
2803
1832
10893
7317
9074
7799
9608
6456
1049
10730
1708
4060
3758
6704
1715
9853
5236
4278
8755
10922
212
6111
3687
2480
5162
11325
7104
6428
11352
2009
7515
2981
9510
4294
4739
7743
3102
688
3544
3120
10912
117
993
10867
11746
1154
9774
3800
569
373
8909
11377
2207
5608
850
11821
9996
5073
11815
10882
10379
5889
4554
74
4408
1506
3416
1368
11479
4832
567
4834
7333
581
11704
6604
3527
2437
3339
8813
10958
4056
9957
10770
5972
11782
5816
5666
9785
5115
5165
3496
506
4601
3867
8608
6136
7683
9146
1482
138
1456
171
8811
7044
4920
8657
5847
3545
8406
9386
268
11086
4311
5813
1413
2775
9110
5376
10784
10706
9764
11093
11073
11328
8291
6324
9758
2568
6152
6227
5417
10667
5461
4481
10457
1498
6720
5282
10807
4216
8852
2397
3419
8541
10762
9228
6036
10881
10460
399
8685
6698
10012
274
4790
1135
2126
11122
9506
895
5155
5298
4038
9744
7593
11892
1228
1703
8891
8635
9560
2135
425
757
8001
11383
2962
1543
4756
10495
749
965
6983
1790
11575
2641
7933
2623
10717
5674
2741
8693
634
6600
6216
5594
3613
1705
5488
2037
11218
1401
1283
1271
4548
10134
5835
10722
2694
5461
9069
1722
3623
509
5751
11421
11939
6892
2625
7588
9527
6500
371
5999
2032
2232
6313
11437
2463
5768
355
7080
894
10919
482
7170
4335
5866
7438
2292
5256
4799
6822
5509
7113
949
2872
6763
4396
7001
7560
10623
7301
7107
11422
4386
1077
5423
2660
11933
1433
3108
6568
1432
6075
1177
8218
150
4512
2351
1622
11026
9755
11257
6201
7595
310
4827
2402
6052
9095
3732
2728
7823
11476
878
4145
1038
3580
10783
7039
4636
333
9568
2334
6543
8410
7842
10343
7507
10331
5433
2107
10625
4406
2173
10703
1462
1033
10448
1917
907
11075
9151
1148
10480
8600
6964
2126
7821
4229
5571
9161
8445
6657
2444
8190
8532
2593
258
2727
10705
9492
3785
1118
2138
2817
5293
9125
10283
2493
10012
6873
5656
9320
6136
3603
1783
7752
3159
3385
11362
379
7957
4149
3044
7750
4126
6852
9015
10905
10464
7494
11582
5058
11300
9999
11537
11289
6526
4536
3871
6966
2751
11963
1657
8791
6889
4361
4520
2960
5799
10486
8116
8848
280
11021
3363
5982
727
10075
6927
4751
1203
8245
5546
3374
4475
6809
6283
11103
4708
10267
10630
2454
11074
9468
4627
3476
6448
11914
7771
10617
8642
3640
6449
1704
9315
10160
5017
8911
7728
8507
7347
9212
937
8293
5779
4987
6801
6938
6912
3816
9363
882
4502
2361
3690
615
2965
10432
11201
704
4613
1899
8757
814
7706
1068
9526
3807
4762
10451
6607
8544
9323
6578
1854
7892
10429
10559
8147
4704
9600
11557
5467
10167
10918
4157
1757
9936
7072
10823
10391
9856
8818
6186
11407
831
2286
8896
9339
7536
11942
11043
4481
187
8694
10901
4886
8469
8813
5789
7145
1964
7737
8311
5207
4101
11745
11045
8013
6614
5683
1969
10638
4905
2550
1477
1943
1479
4722
11780
8394
8732
2934
4819
743
11899
3916
1529
7714
7852
2618
9331
8582
3714
4511
10223
6743
8847
9238
8629
10909
8849
9182
4386
1439
6531
7067
11809
4683
8618
7744
736
5812
75
10608
5776
4693
450
4887
3657
7784
10504
6098
3709
11781
4700
4470
881
3973
1723
8988
4585
3756
11207
11934
11830
7691
6285
418
3673
804
279
11364
6003
11456
4022
763
4935
8182
7790
8769
3863
8317
4747
1272
1239
1993
3021
8106
3617
11291
9190
5870
11328
6853
10976
5605
4338
1194
5323
6144
1438
5226
1780
6945
2827
190
4279
3587
2517
9242
8888
2814
655
3322
3003
4127
4943
4780
4734
9422
795
7348
3826
8994
7676
8627
1524
7490
275
7169
8135
4975
1761
2500
7820
275
262
1147
293
8101
7109
2729
2597
6187
10014
1607
1013
1812
8470
11403
7460
8511
106
1817
8314
9653
11523
5770
4654
7829
3373
9763
7274
5531
11010
5693
3590
1646
959
9983
4726
3607
1829
9955
9509
6790
1933
5790
75
843
11012
3208
10988
3127
7860
9157
10413
273
11505
10374
9958
4142
775
4567
7089
10022
1681
10278
883
6920
11962
142
7933
141
9497
3326
803
9088
7966
6313
8274
6299
11223
3014
6885
7264
5279
1364
947
8364
9668
68
1169
2547
79
6127
2455
6945
3815
11017
5189
5610
10494
9120
5449
3922
4799
1981
10112
932
3767
2449
8705
4018
4135
9501
7096
722
11791
7747
2781
1462
7134
3160
9529
10084
9381
10450
8504
2784
7419
9850
9811
3953
8759
11723
4464
7798
9464
2426
8367
7383
10634
2321
2715
5806
5081
6589
3553
1691
7322
1677
6804
11089
4773
6763
2126
6039
8315
8521
9349
8711
11878
2780
4960
2982
1729
331
9310
8695
10421
8171
9661
3538
8049
1907
8125
1624
4608
11838
2779
10318
1589
6358
6904
7693
6870
11943
1269
274
6101
2816
5826
6280
6378
5765
1871
3602
1942
8162
9931
4073
972
2366
98
10350
5229
3054
462
10799
10397
7821
3495
3283
10395
11583
1956
6603
3788
7845
2828
10545
6584
2809
6216
135
1325
11596
11903
2663
5288
3524
9374
3367
962
7442
1657
1457
7659
10492
1194
4211
8177
8520
1221
3375
10919
1497
798
8975
5643
8843
5596
6825
278
11487
7977
1700
2757
9789
4641
4036
7806
3091
6264
6441
7945
3744
7038
5005
10643
7841
954
9505
9653
8709
7890
8066
8008
9363
6214
5741
6967
10663
7646
2636
7411
2858
6475
3885
1768
9472
1011
8686
1478
8153
4287
9034
11349
7166
1521
4469
7840
8628
5775
3279
7412
8342
2442
5082
7477
7316
1908
8562
2378
9527
5682
5367
3963
10468
6717
6780
2922
5272
1377
7745
9022
3882
666
11214
9648
5793
11826
10483
2816
2294
2318
10293
4849
3938
4441
2980
4393
3131
2494
11773
5250
290
9400
5599
6715
2909
2078
10360
7673
6198
649
2589
1679
9596
1647
4822
6530
7534
1960
3656
11577
11213
10104
1658
1082
6970
6672
4724
10375
7983
10471
5335
9376
1575
10836
5431
5287
2333
4031
10176
783
7532
6391
3911
17
17
4976
11926
10063
6759
80
406
8118
6690
4743
45
2871
5248
6752
8254
11882
7207
202
2782
1638
11910
4728
1801
5185
1960
2882
8065
11738
1712
11921
9795
9712
9535
9382
6264
10862
1936
345
1778
4964
7988
166
7879
3533
11313
5730
10065
3507
6062
900
173
1679
4861
11872
8817
1841
6596
3495
1839
11169
4222
8423
10789
8349
11466
3053
5701
11260
4270
11772
5268
4717
4332
1856
10535
866
5812
9698
11778
275
6490
2602
10039
8565
11180
9470
11071
5657
4135
4028
1992
2266
10479
47
9980
7212
4320
3122
11671
9475
1335
2089
7649
2590
11920
11077
6547
6062
3899
10395
5716
4931
10883
9154
2329
10456
11926
8491
3973
10049
83
1656
3393
7201
3712
10022
10072
8078
5060
2145
11631
10778
7716
597
10798
3960
1937
8101
4797
7623
4611
4807
11479
2229
4836
10192
4371
9274
2614
2028
1070
10487
7060
1311
7989
8542
1863
5747
3454
11009
9359
1578
8508
5656
10643
19
6512
8905
11569
10447
722
10286
3256
5782
7516
4238
2919
4116
11806
369
348
650
8371
2540
1314
3405
2505
1672
11459
6914
1277
1145
2867
266
5150
10992
2624
5359
343
11747
6006
2105
3508
4936
6806
7628
9701
2619
1431
80
10546
3191
5956
10760
1672
6923
2238
6563
11139
2207
8508
4601
5532
10500
11476
9915
3773
6219
5091
1753
2413
3596
7465
9768
6291
1526
4277
2720
8905
7931
6166
10965
1724
10955
5128
3943
2879
1530
10874
1352
7265
8416
6382
3384
8115
2748
10570
1575
8412
4498
11030
9333
9244
1897
11196
2062
7357
4994
118
1110
7572
7918
3169
1362
5641
3306
8554
9336
3333
487
11429
3017
8130
2634
6705
6438
4912
1023
5299
11125
6367
6880
2615
9073
577
10968
490
7778
10341
6179
2600
5125
11295
800
4507
6554
8712
9995
11057
4968
10137
4190
11785
3203
4556
3687
1240
3645
863
2710
5835
7744
659
7478
7854
3649
11204
9542
699
9103
3425
11743
3200
10978
11385
7573
1021
2492
9421
9539
1733
4128
11472
346
3014
8693
1635
2302
775
10701
6047
5236
5631
5403
9473
1633
4217
9297
1781
1312
4242
5845
1537
5087
6987
1371
6450
3295
2097
6782
7266
10893
1089
710
4931
4023
5886
11132
2434
7532
7008
3216
10746
10863
10692
9336
8607
9083
5279
2664
8667
8479
6619
10671
7555
6269
6011
1103
2967
7382
6418
2659
6710
6119
5175
1577
4838
4685
383
7764
6687
169
11438
9827
11524
10485
11824
1526
8926
4127
6352
2664
8733
8286
9419
11334
496
2921
3690
3673
6860
8901
11734
9973
131
10051
4724
1911
4573
241
2208
1157
500
9167
9246
4296
4302
6415
7908
1182
4807
4801
5123
11338
3195
4565
2339
7900
10730
4170
6194
8885
6065
2863
3618
3163
1770
6963
7290
11571
1894
10087
10300
1937
9050
11053
4189
4622
4433
2184
8153
8224
9592
9038
1294
5701
8440
6282
8188
4986
6162
1552
4833
3454
4115
5516
7233
246
679
8241
2378
446
3268
7141
5344
10518
8277
350
4479
7141
9771
7331
1361
9756
10034
5840
11215
4606
1842
9079
10905
6985
9448
4932
9448
4616
8708
635
10088
10789
674
5045
1591
2816
7187
8901
11283
1828
7594
2998
9676
7635
2749
9194
193
1554
7745
1444
1518
6597
2593
3812
6564
4296
2180
9424
786
10727
11281
8821
7804
10895
3280
7983
9758
8701
2496
3474
3828
9047
3579
8763
570
1435
3456
7705
4420
543
3651
493
5766
2759
11525
102
9394
10560
96
1303
5904
2869
5588
3788
4873
5180
5682
5773
11074
2219
5720
10627
1976
6331
8677
2661
4073
10531
5703
5186
3195
279
9436
2203
4072
4583
1933
4874
782
6882
11273
2931
8538
9462
9272
11661
6423
7759
1674
10918
6236
2943
5384
1824
6512
10548
10896
11376
5099
5670
106
11136
4311
1426
1991
11526
9752
2812
9403
3895
1293
9072
9327
667
6502
5862
4437
9263
976
2218
9612
366
4584
2254
5336
3279
1529
6000
8511
8675
5455
11470
155
2028
6460
9240
870
5324
2950
1304
8630
6329
1675
5864
5614
7793
70
8972
1229
5414
6212
601
7355
3184
7230
10699
11079
9987
6935
4165
11761
3829
1729
10517
11291
4101
10500
10049
4730
9537
11283
5884
9251
8267
4875
8156
4430
10424
7365
6840
8401
5221
9731
9392
2222
11226
5200
342
7085
10774
1967
10418
11545
1029
2172
6477
2975
11154
9711
10732
2786
11347
1470
4198
10659
7279
11048
5235
9207
430
10739
11276
6894
1371
8810
10485
7937
792
4570
6128
9127
4337
7702
5766
11127
9808
10591
6201
3772
1333
7062
9200
1259
6346
1977
8571
7835
7953
5569
8012
7712
11357
2170
5445
10410
4425
5174
5176
580
5313
6603
2227
11601
6291
4568
3578
831
10449
1227
4824
7413
4938
11471
3877
4825
710
647
5862
169
6438
10049
11244
8252
1337
7641
2482
8984
4109
2749
1139
9535
11000
2882
9400
9847
11208
8858
1313
7744
6415
4652
9880
1880
7197
1063
6182
1063
4361
1341
6319
3288
1990
4339
6775
6866
3014
6530
11094
11559
5609
8428
2407
7440
11525
9453
1346
1478
5660
8239
7254
4410
7760
4648
8399
1474
10075
9440
8005
7909
3136
11573
11437
3870
11513
7550
11760
5530
458
9995
4161
7564
8864
11830
2348
7137
5683
7956
6066
2702
8265
8264
10235
534
5547
6096
9017
9893
1056
10931
190
4096
5957
9143
8806
1482
3096
6058
3896
9353
1082
10363
10352
3481
2856
4066
3654
5618
10066
9766
6209
7647
4729
9888
375
5678
9272
9863
3080
10299
8948
864
6020
6614
10997
7781
5977
5394
568
4519
3656
2775
2562
5513
4719
2427
10909
11497
5314
2978
2720
3124
10437
10683
5885
1971
4807
6963
3271
2691
753
6403
6661
6826
9688
7152
10847
5781
7309
10408
11035
7883
3514
770
10757
2269
6310
10723
6974
495
4598
364
1825
11284
7772
7747
741
4801
6406
9764
2150
10079
10119
6530
9012
6919
7785
7548
690
9634
5827
11679
3415
6397
8181
7044
620
10781
10773
11467
2928
1210
2038
920
3357
9637
8958
671
8522
8595
9524
9416
1194
8172
7288
10700
5510
7026
3776
10243
1462
669
2081
10544
9998
11629
5830
11232
124
5909
9959
1115
6866
6328
9405
1743
5754
1857
6811
4501
1711
11019
716
1905
1792
6650
5505
694
4158
1073
5486
11723
2022
688
1997
11341
2973
11470
2332
1098
9175
11623
2528
5050
8391
4829
693
823
1587
3035
11581
9825
92
9692
8474
9576
3847
2612
7251
5141
6237
6292
1574
10974
323
8605
5732
9236
1980
147
10484
1738
5531
8373
7560
156
2911
6756
10100
7003
8233
1813
5299
8094
11798
9707
9956
1823
1200
9462
7349
11576
8101
5477
1018
8930
11575
76
11535
5048
4652
11243
6236
9776
1721
11489
9152
8396
6929
10975
5002
4919
5529
9526
7142
7948
1343
10133
8716
10797
4049
4797
11074
1528
5975
250
3593
10919
7416
2145
10596
11073
4153
9696
7928
2558
8964
8559
27
1379
4336
11930
1943
6956
8456
4332
9780
6542
4680
5535
7435
10097
4360
1295
7253
588
3742
7324
9353
8116
2081
2875
8905
11902
9728
2820
2515
10365
4079
7821
4145
11947
3707
9415
5608
190
10794
10359
2736
11867
7230
2479
7652
475
4291
601
4373
11484
11741
9761
7110
9992
9568
7986
4108
254
10238
10317
6804
11598
7418
5547
6298
8732
2591
9327
10807
4347
3799
11828
10743
8075
4934
3050
493
2537
11610
10212
9687
10154
553
7236
1916
7759
3804
4489
1360
3800
711
1279
11674
10984
7768
4431
4724
1746
2804
3435
7452
741
9866
2200
3092
7805
8291
3359
8404
4433
2108
3364
11318
4822
1803
9298
9543
825
1820
11329
8184
6977
11883
2212
1316
776
10279
10976
6708
6948
4725
134
544
8235
11199
312
9999
11505
1402
7054
9879
8566
5022
1922
11365
2073
7947
7632
5961
2240
5911
1015
8321
7825
10733
4040
11461
8951
3380
11878
3189
1816
4583
10215
9149
6178
1477
9509
1948
5757
19
5837
11191
9284
11452
6263
2008
11927
7064
11322
11826
11146
8808
4264
10590
5800
8037
4118
10608
6405
694
1415
6367
3926
6759
11618
8375
4365
4527
3782
55
603
4578
10973
1121
9586
5775
163
4617
7908
8653
1109
11948
222
1845
1629
4743
4608
905
3245
255
9160
1961
11837
6304
8524
3068
1200
6360
7978
11983
909
9423
9867
4246
3797
4696
4814
69
6688
3850
10127
425
6657
9785
2144
10129
10144
4319
6024
2328
5678
10135
3557
4950
2744
2534
1100
3062
1497
4247
9542
7962
6586
3490
10479
7969
9236
7908
5358
11528
3074
4767
3348
4094
6811
912
7023
10704
4951
8501
6714
1713
10136
434
6459
8381
5481
2667
8965
7319
10483
7169
7868
8730
9568
7395
799
6507
4310
5452
2354
6876
6619
8930
2069
2172
861
9513
6858
9722
11951
2968
10066
434
3820
7040
8448
5841
6522
11995
11820
7731
2328
2224
6008
9368
3801
4326
1947
9483
9652
3455
8379
5794
7567
5509
10592
11760
10806
7847
6988
2610
11425
11757
5006
2372
7422
1753
4022
6706
1853
2092
11335
2806
3171
11460
199
5442
1567
878
2117
1421
4014
1208
5156
7330
998
1389
10096
5342
2608
6743
4537
9242
682
8110
7832
7460
3133
7532
803
53
6366
2430
7720
3955
1868
3851
7817
5669
1611
11410
11911
8795
9783
11892
2250
3321
9710
6276
8717
2581
2462
5071
5869
4095
11692
8338
11030
8219
9662
715
7727
5583
6239
2975
3303
8788
7767
2284
2320
11588
8284
9395
2655
2064
1487
2309
2768
6809
2107
8800
10617
9105
55
2226
11030
5434
11721
669
7098
1310
4238
8257
2243
7535
10327
3797
9101
1401
3456
1534
7207
222
5677
1781
3730
4725
9316
3622
8058
11462
5092
3622
60
6306
10825
1608
1200
11464
10968
9112
3380
2073
3632
3952
8524
11605
8545
7676
6393
3680
8540
9247
955
5757
6759
10347
10894
1347
9622
9071
1408
1985
3943
9540
487
4132
9225
5103
1147
11510
5206
4301
3878
2068
4164
11673
10650
8868
5260
3703
7298
9583
2388
5917
4980
196
9514
8053
5602
4618
10441
6713
6746
3549
1208
6592
4589
876
8986
10561
668
175
5415
9362
6084
1622
8711
7594
818
2690
7674
1891
10349
6438
5905
3871
6577
5039
4075
2399
1338
5386
8000
3149
6340
2198
6588
8166
3380
5976
2375
280
11045
6520
10418
4760
802
9369
8726
5426
6542
2651
5208
10778
7062
11237
10290
1249
4873
1942
6867
1782
8932
9708
6229
2259
5493
273
5825
4100
6277
5800
10462
4486
4489
6218
6520
4159
10972
8793
5243
647
843
9458
11896
6030
3517
1925
4794
10980
11780
2391
1734
8848
4889
6882
3271
10925
4248
2831
4590
2792
4164
4445
4375
11810
595
4732
6143
1277
1492
11772
8896
1728
7458
2868
3766
10051
8930
7699
7492
8768
7935
369
4086
4849
10711
502
5000
11766
8084
7057
3365
4303
7479
7527
9570
2770
11787
3481
5466
3740
8049
7122
6922
4370
5032
4602
3228
6585
3222
10294
3032
4068
9659
21
8028
9000
7220
6492
5524
10869
5613
6687
11335
462
3276
8975
9083
10255
3765
5004
5056
9939
4936
8139
5182
4728
2322
266
10464
2324
3602
4278
3408
6070
6899
10325
8500
8829
7887
6154
6703
4517
9287
11426
3272
1974
11309
4823
5801
3001
2962
9134
9511
882
3879
7141
1163
3646
8395
8267
9807
7514
2134
352
3713
4678
182
6757
2414
1541
3151
10208
4660
8923
3086
9362
11423
8525
11098
10006
3718
73
2987
159
6091
7057
11862
5010
8000
1886
5824
7731
3137
7554
2316
7633
906
2488
4562
3962
4790
2367
3747
5835
3291
8956
1228
4388
4394
5883
4008
6149
4197
8347
6074
8998
6359
10277
3950
7740
9477
10360
10894
1420
10263
9609
10652
6950
3573
1775
8568
11422
7894
7922
3026
2726
6776
5874
1863
8620
9042
2009
6327
361
5236
10988
7536
10361
6817
4544
7114
1974
2048
3354
4792
9657
306
8214
7224
11142
8687
6465
8156
4119
3370
10557
2284
10115
3092
8057
3770
1809
7355
6163
9329
3030
3723
6930
7208
2922
538
11904
7056
5551
3846
6769
11818
7232
6096
1875
3272
8344
5368
3122
7657
4212
7385
3721
3084
4829
10528
729
2061
1769
4345
11002
2359
8615
705
5362
11905
8489
3813
5295
2029
1048
6688
9344
571
7330
1547
681
5764
4285
5653
4926
11725
9696
4756
2311
2579
10330
7189
2701
10879
5786
2929
1693
10903
3437
9645
11202
4858
2161
1775
2410
11668
4321
3098
8886
4160
4444
10054
904
8971
7579
6247
2654
8288
10074
4095
6029
3839
10755
7516
6089
5094
7040
5821
4017
5659
473
7683
1579
2178
1512
5047
6551
4807
4050
4311
1506
3393
4296
11871
10608
1038
6016
1291
2659
2497
5024
11943
1739
5171
11964
9792
3052
9007
2020
8416
3470
6617
5153
9902
1316
4296
2745
1369
10482
10311
283
1285
9847
4987
8751
10502
6249
9569
5859
10126
7855
5675
2069
9902
4819
4448
9576
6655
3521
8044
949
6676
11376
10132
8146
2584
5409
10412
3867
6243
3284
2891
9976
718
6308
2756
3739
6090
290
6186
2134
44
1688
3265
5245
6780
7522
6432
8020
10612
7930
7462
5194
8018
1982
2993
5157
11482
507
11950
6857
8565
4218
7938
3536
4054
7288
1819
10172
7800
3799
6116
11925
4065
7129
9781
6763
9722
2323
9095
6571
10549
6943
10041
11689
9202
8578
3505
7722
5066
1392
999
10831
3263
3569
5339
369
1496
2401
9796
5857
1205
4055
2759
2664
1684
4644
6756
5685
10347
8285
4947
398
3240
8188
8788
8349
1213
6587
9557
8995
4799
6462
5775
8210
2934
2510
4307
11419
5022
6721
7005
6423
2678
5156
1262
3428
6643
9181
3691
5587
9889
4405
9358
8604
3867
5987
6635
8492
1154
3682
9699
545
6393
4208
9055
7893
4481
7955
1200
8706
389
8002
3664
5233
8773
11624
7098
3229
1688
6145
6008
3230
11328
9977
7883
9268
11521
2084
3136
4254
3130
884
9217
4152
68
6697
1636
1418
6745
6414
353
5880
10154
911
4091
300
8613
3008
5633
8308
8333
10385
9992
4223
2529
11940
2587
9492
1719
5381
8171
7010
4130
4674
11204
10592
5820
2052
2783
4136
7152
846
1891
9758
3676
264
9901
213
11280
7493
4706
6426
3616
8169
746
5699
2383
3239
1369
10442
5922
10662
10640
6787
8924
6092
637
5434
3677
5932
11676
3375
1337
2522
4565
10864
2135
9248
2204
9047
4198
10504
8202
6161
7873
10166
1139
5974
1936
182
10283
11390
2032
4324
10165
6688
1937
10848
3453
9838
10963
8013
9858
5610
9795
1873
11568
976
6543
2656
10811
2282
10523
10310
4624
7198
7484
11428
3756
5221
4532
2789
4867
4756
11918
9117
3790
306
6150
421
4616
4337
6561
5466
2690
2628
11502
2347
3361
5671
749
9120
6422
1729
5525
4631
6670
9622
647
2368
1843
9138
8945
6152
464
10157
9919
11860
11679
142
973
4174
1199
11642
2174
3443
3795
701
563
9268
9501
11864
5462
4334
11838
9437
3980
4244
9805
2212
10135
6745
11262
11612
7519
2787
5549
3440
2360
2180
9813
9026
11143
6451
10455
2424
8584
6553
10509
4750
9848
9687
3460
6349
3250
11294
149
4617
6553
1586
1837
1735
3057
2638
11434
4387
11305
11995
2049
4736
2061
2247
9695
6530
6599
683
8890
8117
4918
1340
6327
5515
5622
3241
4455
5349
10564
11517
11942
3560
9187
2364
11492
11237
5623
2430
9295
1740
6194
4213
672
1494
5852
3491
9043
10391
9384
10501
6339
8701
6907
1772
2361
5720
1187
6
2263
3053
8739
3284
11493
2553
3487
155
3982
5334
4899
3789
10241
8139
8060
8371
3228
6530
11080
2344
5492
8927
11515
5833
3040
3505
6148
1714
9781
1244
5519
9355
5058
7162
10013
2861
9971
7798
4111
2016
7588
2510
9579
3649
4077
916
888
6246
3954
11065
11124
2966
1294
4454
3882
2012
9709
991
8367
2412
3263
1291
10902
7809
6223
5430
6535
734
11636
8331
7152
9086
3228
8408
5735
3187
1968
11934
9920
9820
5839
771
5909
10977
11018
11706
8132
5887
10612
11554
2677
6970
7449
3551
7566
5898
2182
7210
6381
4838
11037
11936
11528
191
9036
10121
11591
3807
4389
8255
9785
9634
3946
10816
3411
6184
243
11249
3550
918
1638
7309
5847
5835
6382
8374
1323
10014
1220
3991
558
2787
5212
68
7366
2457
11930
9487
3273
6118
8070
3808
3636
10144
7740
3901
175
2315
7268
1903
954
7291
7382
4890
1556
1275
11967
11935
10208
11265
11312
4950
5026
11107
8891
5769
3394
8907
10191
11380
11579
11917
3948
6058
9296
8073
6409
3309
824
1750
3798
8162
11575
1017
5206
7237
2660
10861
3413
2404
4105
1330
6940
3486
9699
7461
686
2583
9321
7068
11037
3007
5737
5165
2119
1670
378
9774
9188
944
4571
1249
10656
6604
6946
4044
8325
8395
8450
1942
1688
7113
3399
3321
6924
6769
2464
9889
4300
480
9226
10580
7195
8198
8167
7975
11784
5184
6439
3577
4688
376
6729
682
473
11317
1792
9355
7873
1299
915
9135
2962
10722
600
9631
11245
8279
8192
3026
4721
769
9949
9797
4478
695
8245
7586
194
2676
104
7153
7213
2883
3226
2763
7394
6309
7912
5077
1983
578
4007
2796
11060
8391
4984
6791
862
11352
10746
11344
11422
2017
8471
9399
4355
456
11061
6343
10610
6429
3211
9861
10089
8495
10116
3776
11770
937
3067
1590
3857
8337
1896
509
909
1944
6232
3329
551
7721
9995
7376
4558
8970
10305
8989
1530
4937
5184
2684
7242
4602
3942
2107
1989
8033
2087
11311
7862
4314
10870
1625
4843
6957
4240
1558
4994
11043
1063
623
711
7062
9828
2947
4173
8464
2882
10705
8515
7389
5422
11114
11205
9896
8963
7705
10254
2159
9981
4987
2542
2733
3666
9378
507
2884
6438
8414
10795
3343
10875
2754
2205
9531
9163
11407
10390
8351
3938
5822
11199
6153
2584
1187
11462
3222
2559
11221
3216
11415
5292
8190
4988
83
425
6606
7711
1425
898
3211
5247
7680
6375
5367
4171
5313
7956
858
6615
7414
4898
360
11430
4950
242
7490
10779
372
4774
8339
11531
5263
3695
6800
7384
1267
11629
3741
680
8541
3298
11232
10185
2217
3223
11523
6855
1162
4220
6391
1736
4282
1267
7689
584
4175
6493
2619
2673
1683
542
11211
489
2134
3542
2919
4619
10624
11150
9991
6086
11635
9844
11383
792
9632
4666
2553
5431
1946
6030
5305
3322
9353
2013
8130
8145
7192
4720
1162
11358
4706
3829
8814
9355
4468
11385
11609
4991
9337
7148
6444
9112
11350
5535
5676
7052
3268
7172
7918
10827
7186
10539
11350
5819
11706
5956
7568
9268
5622
11354
10678
2697
7877
4768
2303
5677
8756
10479
610
7900
7862
7950
6180
6536
8362
11425
7714
2196
8318
9071
10061
1548
10604
9987
3948
5756
9026
5154
3050
3366
3642
4634
9678
2151
5179
3792
7374
6621
6582
4302
1087
8548
5340
2941
9370
2797
5171
2881
10163
10151
1976
10189
8262
10503
2661
712
4430
7938
4515
3289
11398
11678
9273
374
607
11728
7818
779
11609
11293
673
3060
5346
5642
17
6450
9384
9075
10894
10851
3240
11992
8622
2483
1497
10823
105
7170
11265
10647
6816
1054
4806
5841
4675
10719
5823
1930
8882
11181
6839
8059
11934
1202
11570
92
2661
8631
1894
9361
1057
10119
8188
11389
5975
11687
10293
8691
6510
931
10284
5842
8927
8543
5454
7469
3442
5909
6575
2708
11018
1161
495
8875
5492
5933
11551
8708
4980
1358
8988
1534
393
2571
5761
7055
2270
9933
5575
7165
11821
2708
11920
6359
6120
631
3108
10725
2890
11041
4990
5404
9090
5740
5969
2607
11745
8720
5419
8898
11040
7110
10262
5436
627
7455
11701
4202
8425
11405
8536
9003
6894
7356
7432
4108
4859
7368
7728
3895
11357
1828
5046
11705
11859
9919
11965
7357
10398
7810
7371
6375
11683
2852
8936
1940
1278
6644
11219
4981
1203
2960
1480
10483
1046
7890
140
3275
10720
3358
9068
5964
6485
7369
8559
1590
6638
823
2851
5788
9509
9740
6406
9847
9945
2927
4957
7035
5443
895
4477
1935
9391
9778
9685
10232
6590
10494
3652
8518
7305
4156
11291
10188
4526
11899
2158
282
10972
10843
6026
3447
7534
9845
2047
8721
1475
942
7103
4889
6597
9117
7070
10454
10954
7990
6253
9046
2381
4535
7095
4167
10163
9643
10567
2668
628
3557
7270
4195
7295
7761
10265
6087
6366
11775
7084
1802
5953
10655
86
3929
2382
10622
5501
8212
1214
8316
11971
719
8362
7574
3344
8426
3707
10421
11682
7927
8126
2151
1095
5881
608
3896
7076
11998
3379
2004
5290
4992
5504
1857
10667
11918
11402
10398
11666
9629
4017
10708
6161
1865
7101
5376
8260
10570
1131
9198
11640
5482
4839
5913
8596
9985
7140
236
11061
7321
10474
11343
8163
1987
6121
7267
8748
2020
9015
11364
332
11310
1892
9977
8540
740
338
2922
10910
7142
11333
9171
10272
5419
2362
1263
5467
4188
10017
5580
11265
384
4116
11447
6651
5980
6082
4411
3488
1886
10126
1633
5622
500
1231
4436
8073
5070
8531
6425
10805
5157
8822
5418
11842
6966
10360
11575
4124
5162
1933
10666
9536
11019
10387
6336
9885
4357
3363
4513
10406
5717
10981
4776
4486
2535
4448
7538
2828
8871
1388
8336
10127
4298
2648
3283
5647
8069
3856
4930
10679
11515
6818
1314
1879
2882
1014
6897
2906
2398
6066
382
9482
9346
5956
1080
7194
11284
9150
2506
6835
10278
11425
11358
8960
6118
315
3759
9630
5966
1531
8887
8922
7741
8500
10565
10811
10791
8429
8402
3399
9977
9825
1296
2268
309
7357
7814
6806
6603
10307
7979
11938
8365
10494
7457
3522
2234
10699
3881
8978
759
3012
239
7306
7172
2378
5810
713
7035
3797
7017
1422
7256
2232
10891
11993
10920
8208
6485
3657
10785
5417
2637
647
2973
5336
7879
11394
1533
1960
106
5734
1993
1166
1775
4920
1923
2093
6933
197
10711
6070
7314
10137
9392
6255
8044
2661
6343
8044
5106
8838
4005
2674
8850
10008
9532
4123
4152
3750
363
6474
6707
11399
2222
9397
2046
8477
11845
1188
3444
11447
8037
2023
8786
11538
2231
6651
2765
5171
3672
5704
7454
2674
10777
8141
11306
6437
4882
9997
4106
8590
3743
737
5152
6536
1594
7929
10121
4285
4469
9782
6620
6583
7686
1301
7351
1184
1008
11388
11083
6406
1997
7128
9332
4209
9392
3909
10651
3595
8107
5614
10881
966
1551
4292
4498
11379
11415
1111
5352
5238
9964
10233
8638
11015
3102
10460
11873
11934
4049
8060
8927
9350
11488
144
9832
11679
376
1272
8126
3231
8347
689
4938
217
7732
1642
8773
3436
729
5703
10136
4789
11078
11813
4709
9798
9832
10007
3666
8664
9465
7310
9020
188
1457
4267
1594
5999
5939
895
5202
11045
3631
10539
1076
2199
6491
11172
11363
6099
1894
6169
9674
5936
4088
369
6225
987
9843
6452
7011
2012
10855
5242
8760
2415
7446
3485
73
5242
417
3977
6221
7537
6699
1622
436
10512
9496
1059
4401
240
3149
8973
6737
5195
2757
10997
8885
3996
6851
3342
6666
9101
8007
8843
1109
1938
1289
2058
3795
2117
11731
2423
24
5867
5823
8086
5518
10732
8076
203
3152
6828
193
3869
7423
3589
9274
11704
11836
10945
642
11310
376
5269
8591
4398
483
7184
4194
11311
5622
453
9827
8011
4600
4711
636
11307
2191
7644
419
8133
1402
4524
2762
196
9923
8622
204
6078
3811
1024
403
1109
6388
10805
8864
911
11635
4203
10816
3419
7013
6676
2130
559
6711
4112
4955
2432
4706
5469
9778
3930
1839
6295
8196
6171
8280
3263
11448
6960
263
5848
5034
3669
1957
670
1367
4522
1536
10779
324
211
11284
291
11998
11096
535
340
4600
11929
7706
3098
9657
6146
1448
7014
2019
11180
11150
1925
10176
1107
11507
9805
10486
9128
8868
9241
9625
7922
6277
1525
10491
8956
7874
3366
156
4024
5303
7745
2227
10119
1237
4319
8021
3718
3891
6068
9511
7071
3565
1446
9790
863
1846
9419
8072
878
1934
10026
5843
6777
941
4002
10749
9156
7601
9006
5166
2293
1930
11612
5145
2728
765
7050
2494
9893
10896
8961
6282
450
7700
7071
7864
2824
7720
3701
9803
4614
521
2407
11611
7139
497
5812
6277
2343
8929
8835
10858
11565
4662
8019
4144
9426
8182
7566
10556
11137
4643
7923
11847
3974
2622
1426
11101
9509
6835
11511
4704
8367
7051
5365
9596
11871
7686
8713
1070
4870
3227
11482
8787
7382
3702
10692
3317
9369
11816
7735
6738
3058
5156
1513
6199
6638
3066
509
3274
6025
6303
7902
2145
5555
8517
6210
2248
10057
11906
1716
16
7700
7031
4055
3685
9334
6853
855
4887
9747
1451
1242
6833
5326
10680
5226
5387
7074
9186
4661
182
11738
1776
7487
6157
5022
4994
8312
1498
5428
3098
9200
1965
11206
1304
624
9907
2229
152
95
9029
9319
10335
10828
11083
7586
1073
5096
8085
1842
7320
551
11597
2939
11588
6788
4763
8082
5150
9835
9453
11776
638
10008
7809
2958
5703
9705
2875
4259
7509
2211
4694
964
4185
8509
10383
2378
4199
10304
5167
723
9757
2157
6209
6513
5882
1593
10300
563
761
9460
2096
3369
1217
3558
7552
10522
11836
4731
5538
6170
9342
4070
11435
1219
1209
6817
7484
9058
9302
781
4288
9013
1489
10743
11583
4607
6758
7314
6741
7849
4219
3124
11993
376
1732
6948
6385
1245
3523
5542
9814
9425
8213
3463
4228
10826
3114
9026
5187
4711
3401
9819
9448
812
9983
1843
1103
10297
11405
10337
8024
8920
5045
7747
9980
1281
1172
7061
5766
1056
4062
6861
9040
7378
1468
11962
9302
2267
1112
10380
9542
2071
10675
5667
3573
3323
9932
11240
11923
2254
2231
6381
11373
9401
1401
3957
5873
2298
5503
11669
11484
254
6489
5776
9421
5440
4872
10773
10957
6317
8943
2328
51
10441
2849
4146
6089
4140
11028
7946
1912
6420
8014
5854
1621
9601
10601
1829
8160
7797
11556
7539
8740
6303
2836
8220
8484
8245
7241
5594
5392
9582
2874
3754
10868
11607
4584
4248
1491
5543
4712
10184
9614
665
25
6209
6539
11556
10624
1613
10704
7711
5914
5541
221
3621
4400
2448
519
9819
88
468
9528
11040
8722
11204
10988
10759
9858
10747
2925
9792
9949
365
5182
2462
7174
3293
11153
5075
4624
5461
6441
5965
2798
4752
11175
382
4997
7526
9038
10750
10253
10644
831
9587
11859
118
3461
6410
9355
11797
10756
7418
1975
11075
8343
3556
6139
5714
7077
4778
4444
8160
4080
3888
956
7559
1476
6299
7231
4802
2213
2352
3539
6421
4140
6580
2223
1065
7582
11309
8855
7544
10144
4516
73
10048
5333
3625
6512
4185
8829
6144
5125
2862
11802
10632
3545
1767
8714
1422
3747
4392
3335
1839
7357
4015
1486
11381
10339
10966
8091
4363
2617
5731
7619
5040
2322
4150
857
10956
6926
3886
1160
4549
10421
1817
11957
8588
5022
5705
6255
3931
9504
6659
260
6487
8351
3411
922
1893
2316
3326
3373
5556
9768
8299
10655
8095
7370
2362
1032
10106
2198
11818
9379
5316
1306
98
10765
5809
5029
8330
4323
8929
1025
2693
1854
10802
9044
1214
341
8114
5873
1472
8660
9862
5686
995
10245
8227
3184
5756
11340
4575
5466
3158
4673
748
3491
2339
7018
7423
1280
8333
10072
2231
2668
1795
1449
2693
3469
6513
2306
6670
11340
10775
2226
8167
392
5981
2471
10722
6826
476
1572
2474
1320
10615
4434
10183
1932
4456
11774
2052
9448
8243
2658
1163
7882
1951
3287
10638
3812
11726
7870
10365
7676
1882
6589
11187
11934
5433
1086
1892
11200
1723
5785
5187
9947
785
7583
3025
2344
2387
11059
11236
2049
11536
7321
2352
11471
11317
3973
9848
10042
2464
1401
4717
9480
4951
4708
4384
6770
150
5080
6376
6823
4730
9245
11046
10259
5508
4894
4795
11712
3815
3566
9840
6336
10738
4448
4517
8855
698
921
11441
6550
6384
10412
7511
2999
2876
3186
1884
11163
11161
5259
3424
6585
10745
6375
9996
10034
4219
4317
2171
9799
6903
5356
5478
1175
2528
9656
10266
10333
3032
3807
10605
9787
1041
373
11331
3145
7522
2465
7399
9561
325
5818
2198
1510
8011
1713
5260
11057
1310
11307
7033
7665
6023
9553
936
8943
5851
862
6885
10344
11864
1012
9770
10901
4751
548
1108
5502
6949
6026
2136
1985
9945
916
59
3516
3746
1851
2015
1246
10482
139
3502
1172
486
9047
7582
10405
11015
4360
10136
7727
2829
1078
8771
5371
2438
4812
10668
1339
11652
8592
7728
4419
5363
2248
3865
7180
11128
10392
11053
9803
6097
8243
5988
11504
6275
10190
1783
6607
3802
3892
3042
4986
6138
5155
10024
1647
6495
7477
2263
7626
7782
11322
8138
4193
8576
9623
6258
2497
3265
1892
7447
9334
9542
5520
228
8665
10770
1498
4333
11761
4571
8725
9692
10550
2049
6447
2682
8784
636
6114
1127
4038
9383
4012
6587
2372
6832
8534
962
2643
2188
6817
228
1000
10575
6671
7333
6005
2484
9352
6860
1129
2364
4721
4019
8032
11357
4664
9817
3080
6756
7384
5009
4974
5620
10298
1469
11140
8243
6734
1077
2738
2823
7487
9048
6649
11688
6517
6827
1725
3791
688
9252
5916
12
4419
1607
496
8865
11475
6576
5714
10783
11855
4721
2563
7009
3850
1268
6189
4386
1812
365
1605
7974
5026
7843
3947
3458
2329
6697
7388
10658
4710
67
7149
2240
4103
10475
9716
7871
10948
9356
7379
11532
1826
7681
8682
10649
7574
6477
2106
7910
11767
9550
2532
6303
5313
3510
8525
2905
7147
8426
7432
7372
9577
11962
571
6774
3875
8872
6436
3647
7007
11969
3922
563
4159
4452
3959
4448
3809
6514
10760
9142
574
11607
5037
1311
7929
9571
3105
10847
6106
11044
5683
8274
6108
98
4521
10441
6735
10073
11637
3921
1878
8810
10981
5041
96
10290
9795
10363
3529
3642
2684
7691
10774
4055
11626
7320
10107
10838
1646
8252
11761
6168
2865
6489
10483
11571
10828
6283
8650
10167
8791
2352
1541
9029
9618
1581
6085
1683
7366
10620
10543
3889
3470
11054
11032
8256
1555
450
1683
3085
8478
3598
2410
44
1113
9654
5934
9817
10688
7655
3633
10857
3130
3017
174
5692
2958
1111
1605
11898
3641
8949
685
10960
1147
222
10724
9697
3596
4603
11043
11717
4432
11229
7420
2595
11484
6651
7456
2039
11562
3335
3812
9243
11904
11887
3607
7955
3830
4726
3992
1519
4393
10818
30
11161
574
6286
9501
9294
3794
440
10071
5430
7987
8704
3547
7454
4467
9339
9496
1626
9055
11629
2508
2625
9643
7308
7770
4229
1396
10543
2257
7995
2208
6656
10077
9312
8825
10040
9872
5677
228
5364
2104
4891
7401
5159
6269
11018
7499
1276
8657
5563
9803
5470
309
8290
8419
9485
4139
347
2792
11556
1917
10179
3499
6089
7956
7669
11573
589
8770
4487
780
500
4874
2396
3846
4662
8098
10482
1471
9464
5397
10855
9366
8535
10142
2306
9110
8959
191
737
5764
8491
817
11873
10519
3168
9628
11842
479
954
4135
6670
11888
4676
463
4543
9552
8564
3914
4891
248
11064
8728
9942
9106
2342
5346
5316
3655
6088
6849
4584
10306
1663
3952
8369
6365
4603
4079
3706
3583
677
4480
11765
6311
7400
8248
5897
934
8858
7286
11174
1171
11136
7913
1118
79
4357
2754
3332
4326
5529
4933
5001
9292
9835
5295
3997
3001
988
10527
1331
10683
11427
5471
199
1893
845
4853
1661
6739
8533
9796
11193
10575
3366
7170
1954
9924
5102
4760
3523
3981
1715
10608
3197
6121
8063
8618
8661
8265
1034
6611
1888
9723
5601
5497
2588
11324
2829
3096
3342
7173
8932
3361
9782
298
5802
3365
5706
8743
4256
4392
9015
11328
3340
11833
1644
11345
561
3316
1387
7873
8803
3601
11576
2185
1938
247
4014
6897
10791
1941
9419
4045
103
5563
11794
11197
3574
2717
739
9992
1766
5393
8678
5188
837
3813
245
6312
553
3237
4865
10446
3930
4590
6532
9474
10121
4285
7332
8277
6776
11445
3012
9901
2159
3968
2139
7652
2633
4494
4948
6366
3949
9290
5922
11758
8860
3445
7505
5799
1129
4496
6990
11506
8864
1695
4757
10299
2374
3621
3457
5257
1414
8708
549
4158
1631
11452
835
11086
2480
11713
7166
4690
8596
5470
2490
4869
3758
6769
6693
3650
9100
6311
5405
8501
3088
256
9028
1066
8084
7287
4657
3521
8903
4822
7437
246
10825
4524
1040
8470
7893
8837
7594
3798
5081
254
9251
1250
8067
9416
9015
5415
9853
10817
7050
6807
8360
10039
818
11265
7391
5912
8848
1409
980
6820
721
7744
10173
8655
6106
7841
7662
2479
1208
11429
1467
972
11988
2791
9981
6059
1780
3982
7207
1895
6695
4746
8933
3428
9217
1849
7802
5294
2884
5675
7916
6626
10766
9509
1594
6595
9611
807
4314
5100
186
4102
6607
3035
199
1800
5836
4861
7569
6217
6271
11000
4491
5594
6794
8630
2842
6632
3795
2976
4854
2249
6485
9005
1910
1823
4850
5702
2411
65
10852
9704
11322
10017
3253
4013
10889
1270
9591
8924
2400
2599
11296
5974
2511
8593
7890
1872
764
666
11422
3822
1370
2002
2949
2507
8146
1524
8896
266
6682
7908
2474
3538
4439
2929
8160
8703
7352
2138
5306
737
4902
11861
2529
10884
4290
2966
11359
6603
6421
11634
9916
2585
7866
5502
11038
5426
7777
8146
10237
8832
4955
11739
3315
8800
3818
3042
3191
1211
979
5547
10626
1630
475
8618
75
834
5371
924
1759
3687
4537
6232
6300
5489
11884
6781
8930
6738
5095
5049
6287
6523
4170
6581
8170
6325
2606
893
1426
4020
8042
6109
11258
2219
467
10014
10747
3799
10847
1682
4306
609
9039
7559
6985
6796
3372
96
7231
6059
7043
11566
3722
4368
6710
8593
3226
6294
241
4241
8264
8068
9488
162
6452
3854
8332
9351
1920
1442
7903
6469
11094
7670
5976
11505
4381
4387
7978
1687
11960
8589
2881
6130
5836
11622
8450
11576
1793
1928
6864
3950
9527
1819
9735
9043
9487
3074
805
8731
10396
941
1363
536
6331
5187
7438
2130
2504
6330
3335
2544
2519
11065
6862
8418
2896
1093
11795
6489
11038
10193
2740
2877
10571
3341
2460
9332
3141
3049
8072
6687
2245
1816
4228
10177
6570
9695
471
6062
9574
4459
6366
8163
8687
2706
7891
8481
1496
9466
5727
3957
1705
7490
8679
11765
6385
11377
11400
10133
6182
4036
4926
825
11676
1747
7221
6730
7938
11142
7000
5875
9628
10946
7566
9313
10590
5166
6198
6888
8916
625
8847
11789
861
363
3446
115
2704
7420
2134
1319
10842
8824
8951
5459
6879
5404
11330
5597
8365
9089
2739
478
9121
1873
4300
3793
9684
7483
5008
9857
8476
7981
7416
3480
7612
3195
188
6093
4106
8789
887
808
7299
7183
1676
246
10890
268
3350
249
8820
3914
7119
8506
2532
7814
1098
9200
6741
22
5201
3393
9888
3792
4400
9734
7841
6906
5846
9396
5125
4700
314
8815
11159
11318
8755
1826
9440
7458
6429
7247
5534
3006
8196
2698
975
3399
941
6683
6820
11437
2988
2429
6619
11491
11513
8966
3937
10651
7574
11155
8350
3344
300
1113
9933
10310
3121
6455
5815
3549
1607
6240
9236
5965
10577
3292
3795
3895
11564
7709
3257
4604
2577
6956
8238
5006
8259
817
11527
8526
10158
8811
9537
9959
3747
9305
8523
11575
3169
7644
6712
1406
8363
2991
7380
4802
2331
6407
9180
8779
6738
3827
637
3585
7836
9164
3777
3090
11974
10672
11201
3258
4433
10009
9707
7902
3372
75
5696
1303
5914
4795
11087
1998
152
11380
1380
11139
8916
11434
3765
8311
10570
3425
4782
7567
4968
3576
87
10640
6872
1159
11251
10915
10705
1478
6260
2730
7498
9455
9571
3918
7162
2840
2018
9232
2957
2417
10835
2408
6087
3415
3238
5108
4796
11494
3725
3817
8176
189
3188
11022
8085
2675
5392
8591
5160
4925
11074
9266
8843
4086
8093
518
675
2874
1560
11768
4821
256
8762
3048
3819
10441
11944
2721
7070
387
11695
7629
326
4607
2630
9399
8709
6885
5502
5120
5293
3916
11611
5679
4321
9478
2517
6329
4349
7793
8598
3847
400
1207
3828
709
1227
8025
9490
9206
8261
3589
8095
9273
8628
1179
6845
7050
1842
7242
5344
6767
2316
5766
7026
10558
5828
1273
7892
7153
5367
6933
11700
9122
2499
3743
5578
9445
4479
6503
353
7699
8742
8469
11484
7945
3288
11136
9505
2700
5634
6494
7303
9926
4584
10422
11270
6980
6041
3509
8532
6816
4378
11703
4978
11468
8621
5516
4666
3917
11719
9409
6486
1991
9687
8043
556
714
3187
9723
6875
8838
7323
3201
4110
8825
7
6353
11196
1592
7202
9878
505
5621
2663
10223
6942
8818
6502
3369
4088
593
977
10869
2918
5104
7361
7744
6124
10479
4546
2347
6172
11045
6283
5241
11581
6221
5471
5439
11663
2683
4922
3987
1112
5793
4300
8965
10353
9985
6662
8345
5408
9945
5101
7985
365
6861
2415
11175
2092
8905
8594
7701
915
2317
63
10326
8338
3100
11257
8851
11645
1256
10967
6627
1362
7931
9333
5382
7078
10481
5943
3699
9992
3648
9658
4220
10835
4462
177
8873
3448
10384
4232
7910
9287
8394
9436
1508
10547
3378
453
11943
7333
3102
7049
6024
5459
10455
9941
11553
3953
7347
2054
1914
11236
4782
9865
3790
4228
59
1947
6073
11233
977
1709
9662
7485
8072
10433
5701
5643
9598
7382
134
10242
3878
9627
11110
1280
56
1606
8809
5627
4974
11115
8708
1799
1028
10501
9045
11950
1332
11289
5467
8527
2371
9283
346
10079
542
1393
11180
9067
9629
11011
7804
8316
3177
5694
11780
5854
5150
9282
1383
427
11930
4194
2044
7833
4870
4826
8858
5510
1059
7322
4969
7430
6818
892
3193
9364
3705
1006
8103
3988
2368
11371
168
2034
9607
11572
2153
5845
8317
8558
1036
9209
4778
2859
10151
6211
8793
4500
6012
6133
7691
5016
10473
3039
11092
6823
3406
1719
7497
1351
8018
4041
2438
978
10175
7516
857
2701
6840
9031
5758
5832
2699
5212
2911
9716
524
759
3479
499
11589
5360
6930
10486
3614
2433
5434
3375
9302
4963
2216
7943
6374
11054
11886
11253
2382
2625
6784
2440
2196
2783
9745
1476
11108
4920
2364
1947
11947
5490
11015
11037
6351
8655
10299
3279
8538
8650
1504
9534
8446
6705
9847
10776
8036
11777
6879
5927
3854
8080
3473
5853
8590
11552
6064
4004
10440
5910
8649
11867
1492
6826
1079
476
1131
10013
10719
5675
5653
7667
3331
6634
10787
11704
10380
6361
7795
1615
11414
5476
10042
3550
2321
2504
5663
1338
10470
11240
8953
11713
569
6449
6544
837
2155
5254
4221
5560
1080
10972
4396
6383
5258
5031
10799
8224
3141
10777
9878
11360
6006
10528
1670
2771
10110
2251
6590
3184
8132
6487
2619
11664
5053
9885
9804
9469
11719
10796
3753
10165
7822
10784
10996
1599
4892
5769
611
9389
11115
3707
2462
4917
7393
283
627
11647
4075
4039
3342
11646
4086
5694
1762
11763
6971
1112
11304
3768
5443
11433
1091
5039
7499
1333
11232
11999
7059
1243
10154
1538
4265
7487
7188
8037
7234
5937
8851
1350
5987
3689
10949
6276
4681
11625
696
8528
5964
6372
7416
10123
9397
1323
11216
8349
2363
4743
4198
5125
6745
2875
6283
3581
5864
1142
11666
48
9807
7088
10210
4435
3220
4699
6759
105
2031
7023
10361
1850
4265
2737
8868
3485
7243
4367
6110
4811
2931
9330
3063
7366
11052
11779
10929
9356
9813
5434
989
584
709
11166
11400
9941
4829
8028
4701
7124
9462
10787
9957
10851
9524
4668
1751
7603
6439
11125
5149
10311
1563
8896
2834
933
4142
4423
6224
4978
8968
2903
4254
3318
2558
3842
1820
5492
4624
4894
548
759
3960
5129
9585
8733
4634
9548
7538
6253
11436
2736
485
7493
9039
9024
11115
3841
11193
5307
10646
1205
2463
4913
58
8688
1688
10456
471
10411
7243
8568
4179
7359
3627
9750
7881
4641
4554
6228
2085
1471
11875
1839
5433
4381
10123
369
9871
8889
9337
6625
2150
8784
6038
1690
5022
11631
9849
4421
9832
3820
9226
5163
2836
10667
4121
3003
654
8518
8132
10572
5652
2778
9791
6484
9857
11974
6149
6953
4190
9639
9623
10934
307
4811
5356
11369
9297
4312
8909
10657
8750
11749
7092
3431
11392
3311
2112
2065
4524
10953
929
7996
7910
7416
1809
11057
10561
854
588
5453
2043
5401
9954
4819
7442
10087
8333
32
11077
5857
6548
7992
8329
5233
8408
3551
5607
5278
9730
2102
11554
2043
9048
7013
3953
7576
343
6192
8672
4794
11626
3500
9049
9209
11046
7570
767
1469
4462
8762
6111
11081
10967
2597
2815
5432
9869
4928
2396
1394
7
2438
6890
5250
11953
11779
9315
628
9800
5694
10027
11360
3733
970
2230
10804
11369
2839
11524
7233
11135
7670
4216
2215
8573
8391
7484
11722
2369
4981
11086
1808
11343
11724
1398
6248
2292
9627
5972
2353
5768
4452
4560
11517
2245
2276
2781
2611
5101
5315
3112
1421
2966
4951
785
11648
4692
6465
3527
4809
3077
938
11676
9472
2932
8103
7303
4788
729
9622
11364
3173
1229
11364
8690
4238
6933
7659
7828
8728
7078
10390
4235
5203
121
2921
11303
7643
7260
3498
5936
832
6508
6631
8105
2616
1234
10381
4817
9548
1762
94
6396
11380
7751
1245
2707
4106
4574
7486
9186
8893
8739
6825
5030
11230
3636
5064
854
11077
1523
9176
2394
469
10599
282
509
4238
9411
8195
7787
11989
6547
5188
10462
3366
11686
1757
3158
3920
8535
3538
3127
9477
9079
4422
208
6987
5744
2067
8640
11170
11742
4610
3161
1042
9786
7308
8487
10576
3775
3177
323
11211
10724
399
3446
8860
1370
3315
6234
299
5339
9310
3138
9457
596
4691
11190
1153
3199
8875
11484
4211
9882
9755
9955
11622
3073
6100
1356
6592
5247
5129
8440
5810
7242
11126
6741
7150
9330
4014
6156
10294
240
5292
7686
5401
6243
10513
3241
4956
1600
8720
6347
11297
7321
9822
11848
11135
5112
4825
11418
8452
9798
7183
6690
732
4182
10202
11255
6317
1469
9542
4565
6982
5805
5276
6973
11446
11373
2814
9614
4523
10717
8177
11840
3052
5545
4705
8144
5467
272
1219
10221
1008
5902
11975
7806
5129
9583
10448
4425
5466
9279
98
10906
2085
9475
5638
4706
10277
6690
4231
6676
8242
6811
11198
730
7370
9847
1392
10275
3572
7715
5376
3817
10277
6982
807
11329
9211
7260
4212
234
7958
1028
8317
9812
11566
4150
9638
6854
3109
10202
1779
8054
1113
5962
8159
3464
4133
10027
9388
10676
8574
5472
5540
11033
10920
2864
1825
3252
108
7638
1908
213
1634
7972
8176
3497
234
9762
6706
1408
2672
8163
4520
5768
10108
8392
3902
10667
2953
89
3127
2683
11874
1515
8905
8720
4724
10222
5176
6657
4722
5569
1567
5460
2054
1543
10923
9139
9359
1842
2743
1150
5184
7029
8230
10367
4521
5790
780
10658
3893
947
7396
3414
2254
11833
1400
23
6084
6029
1181
3345
3580
1158
9374
7648
2722
1554
7986
11267
11266
11103
5410
5406
1334
4403
11069
10067
3328
3635
8695
5967
9206
2114
5748
7655
1987
5504
6489
1643
6482
8006
9505
2481
3693
11590
3209
7040
318
7399
900
1146
6946
10009
417
813
2265
10987
8246
4887
5541
10520
10146
8843
2055
2409
7926
4749
9938
8771
2957
10097
1965
2071
3319
4224
6412
1945
7198
9496
10927
4247
10219
7169
6665
6349
2826
1080
8553
3527
1689
7788
7560
6476
267
3763
255
5656
274
10483
7669
8115
1710
6973
11632
4790
4475
2367
2279
11040
1251
2489
5271
8246
3432
8239
1560
7817
3332
5749
6184
768
714
805
11536
10300
5879
8948
4997
7376
7160
5973
4548
331
5561
3206
3105
8821
1669
1975
4889
4231
1603
6116
2941
6721
5888
6155
10256
1577
1566
9956
1542
10400
1689
2188
717
5873
11522
8872
577
8497
11390
11551
1852
9603
8028
2327
1021
3371
3610
4017
3737
5255
361
7109
1625
9372
10709
5005
8460
8847
6383
5195
11382
3004
6707
4539
1815
3491
8502
9777
5131
8042
9631
7653
7875
11572
7126
2731
6501
9638
11190
5008
4084
3047
4046
3844
5339
6476
11709
5545
5574
10464
3154
7077
7814
9010
9249
11944
6350
8184
10939
2179
4362
10838
10825
2704
8028
4415
10159
2937
3638
11265
4647
11643
9802
5564
3133
6358
7656
2081
3311
2591
4299
7466
8064
2094
10285
2634
6856
8113
3011
3041
2803
10388
8274
2209
1607
8007
9952
10925
5512
9850
4976
7786
5741
10431
9236
609
4600
3358
1940
2213
7470
9405
11241
660
5398
5380
554
4843
4795
11518
1013
7536
7962
1010
2898
9679
10728
3628
7616
11570
9447
2021
3988
11080
10915
339
58
3658
7463
4231
6575
6067
7583
1076
2511
9204
7841
1471
8679
9287
10727
1528
8451
6853
7219
10467
1026
11666
8462
3282
8430
582
7893
3914
2559
8812
11464
4424
5124
682
5327
59
9193
211
5412
4917
339
8171
11766
8070
9993
7261
8376
3545
1650
4206
2362
11504
11942
5186
1038
2221
3344
9027
9241
7161
5467
2890
4705
467
7323
1971
3922
11630
9909
3785
9002
1844
8674
1130
3530
10806
5086
3649
6195
9142
5532
4168
11205
10702
2145
4554
8049
122
11956
10872
4137
2827
5859
2913
8148
10617
7441
2961
5652
8445
7547
8700
11599
10765
11789
11721
4765
8995
6786
11875
5037
7199
8960
10992
5624
4990
3092
7076
6870
2971
10617
66
271
4673
9738
10616
4655
2019
1011
8053
9133
10739
873
6834
9563
7965
11892
6225
670
4407
6138
3847
4820
6040
3099
5935
8612
1157
5919
9753
79
3951
7539
10620
178
3416
3437
7322
10617
6461
6171
9444
11741
2484
4825
8236
11295
5496
9723
11141
3310
5021
1385
6917
2196
10570
10774
11588
2310
2364
3172
4981
1875
3328
897
7665
6022
7989
8104
4391
3114
2999
10517
4944
3146
3405
9745
2323
1144
561
167
5757
9900
7793
5951
11817
3220
2412
10818
3189
7062
9654
9544
3248
3493
7341
11937
9540
3395
5806
5182
671
6092
7606
4960
6807
9870
11992
3604
6079
2338
11906
6857
9732
104
8410
11416
3619
3017
7042
9435
2961
7444
2462
1596
10834
1626
6082
1077
8863
8106
10023
8887
2945
11523
9797
8585
5550
10814
11508
9240
7254
10890
11194
11779
5659
8329
2059
1501
7679
4450
7928
6549
9424
1320
6135
4497
10508
5840
2391
3020
4600
7980
1798
9690
1378
11577
8274
497
8781
11810
3005
4582
6564
4520
1407
7874
8649
7011
11188
5050
6588
3786
7665
1166
1727
3878
6435
1748
5233
992
7736
854
1148
3642
7556
4797
7973
9787
1560
10690
11019
3162
5334
1887
2890
2578
2225
6652
6900
8917
8260
8002
4119
3370
8112
11726
6969
6675
11053
3915
4860
8649
5102
7158
10402
4318
11245
7632
2012
11224
5637
9886
2523
4191
10156
9963
5478
8955
2412
789
1271
4428
9527
382
8179
3286
5529
3453
2522
11678
6122
357
3827
7506
10881
4107
8830
2626
1603
312
10513
3654
2577
6406
5115
2772
11956
11405
1137
6002
11205
1737
11862
9845
3779
2274
4756
8029
715
10725
1361
8308
11731
9963
9864
804
7752
6582
5550
365
10419
9136
11672
1716
187
2016
2998
5884
5050
2822
8438
11455
4698
8331
3578
10667
4117
8806
6871
171
143
10413
8381
1486
8431
2872
3683
2747
573
8270
5406
1312
9793
3054
9320
10086
10643
10787
8592
9149
7604
2072
2913
6342
7235
2386
6716
3895
6706
10126
10522
1031
8096
2247
3725
6671
10750
5215
9688
3923
3266
2770
11035
7015
4396
11158
2364
1641
8119
8946
11345
5374
4638
10488
1257
9911
7790
7314
525
7321
541
2386
1639
2342
9807
8170
1108
11908
11706
2835
1664
11715
4706
7705
3947
3583
6739
3156
5243
6636
9438
7737
1569
8100
2044
2109
4526
1539
11356
5721
3794
11822
4210
1723
2033
8919
5591
2688
1143
2863
2316
4027
3484
9728
9601
7817
599
11481
3426
857
11373
861
1694
9273
9258
6135
11593
11915
4331
1660
9332
4015
416
8649
9652
1236
10338
324
11987
2233
7660
2877
6110
9260
803
4199
10388
9083
3467
6323
8420
646
7598
822
4904
1390
1909
5108
2949
11049
4048
11674
909
4014
11969
7727
919
2969
5969
3540
5890
1514
11034
8000
8640
7912
11763
1421
10110
11811
3121
10667
11307
6972
3639
5895
5628
3508
1358
4
2682
1056
7005
4868
5461
1548
5283
10942
11943
4891
4065
635
3691
8873
10510
9039
9994
2001
4681
159
312
10753
7300
8800
550
8819
4543
3504
1619
7480
11590
10712
4277
3109
7692
4338
5924
65
7022
436
7290
2876
5444
7431
11414
638
3523
4597
8308
8914
10765
11066
1924
10207
983
8544
1761
7195
10132
1285
1454
5453
9573
559
1146
2242
9951
7899
3189
3238
5255
1903
5927
7684
9546
11170
1846
10487
2030
5119
10275
7137
11797
7101
1143
6121
5471
10035
10955
9607
5453
2256
3172
8719
11079
1869
10645
2576
182
10
1484
10570
10028
6876
3984
4941
6385
7183
2684
5793
3825
3936
8660
4986
10842
8952
8327
7203
8451
1526
2813
3546
2227
6982
11909
9574
7507
4490
5073
1554
7542
2691
8767
3996
8939
6024
8511
2121
7501
2563
7667
6987
2868
11304
10809
4338
9945
5446
11877
11023
5077
6178
1947
4963
11299
6744
535
6170
1709
3346
1701
3170
11137
9435
4106
9497
9718
1443
2245
6523
7905
10825
10708
5909
2610
7447
10164
3360
2828
8976
7125
7117
6044
11847
1159
1752
6081
3710
5296
6376
10817
977
11771
10199
6230
6133
4070
5696
1792
9953
7370
6255
11029
1578
7038
7166
8315
6606
8770
2244
6594
5910
4224
7098
658
11884
2704
8230
9014
10099
8442
10627
58
1083
4508
7426
1434
6990
113
3468
4867
9384
8275
2213
8677
9194
9340
486
10385
4077
6790
11930
417
6017
3029
5757
6916
926
2548
2616
1002
2349
3871
9782
11590
5064
6142
7882
6918
9440
6966
8547
495
7876
9322
7062
11973
4472
6885
8077
6684
10255
7018
5840
11255
10880
6988
5170
4574
9689
1636
11516
1877
10292
5763
9982
8316
11570
9909
6068
1595
66
6014
11127
10659
8167
11602
11215
1310
9311
11669
2973
3865
3673
10387
6614
10534
9312
4024
5802
3227
10757
8150
5396
9833
5308
213
501
8716
7034
9065
6188
11335
11524
11693
2471
11333
10890
4702
11815
11303
10374
11550
10404
9690
7054
2481
7831
5859
11781
10431
614
5378
7381
6769
1070
3885
7509
7877
8607
8665
7225
8904
5382
10152
2445
8870
6517
5067
8862
9463
8716
2728
7757
10384
8136
4353
10347
3053
6745
3709
3824
9748
8171
8517
5269
2935
11178
9317
3895
5598
1410
2261
5784
5761
3950
4413
4374
1233
6478
558
8378
3741
3461
1486
6659
11166
9841
10814
4771
10529
4014
11137
10463
2657
739
10193
11380
10114
8662
10126
1528
7050
6725
5652
9769
5030
6592
29
7669
2677
6454
7227
5508
7174
1265
538
47
2157
7439
109
7860
9521
6433
4463
7627
11863
3402
4085
11715
4051
2252
8479
11700
2373
8923
11851
6199
6174
2629
8661
6430
7691
35
8784
1384
936
3994
8865
2326
6033
465
3688
7504
5342
8660
8986
4566
5982
4158
3083
109
43
6947
3155
1094
8808
3787
8568
3596
2733
9238
8914
10415
741
1906
11813
8498
6508
6145
7409
2006
12
4417
728
4992
1517
1948
1669
9274
6432
11028
5359
10033
1192
5489
7001
1963
4335
8370
11033
4529
9344
9683
6539
11955
4664
10452
1339
11989
11430
5829
4028
1369
6996
2114
466
1056
4294
9879
8851
8901
5312
4162
11438
5374
9671
8850
7373
9289
8312
1846
1817
5156
7743
2544
1633
3874
47
9364
7411
5942
6069
6749
7445
11142
9704
6052
7517
8917
6153
7090
2936
1175
6296
10946
8276
2235
4979
11711
1592
955
9106
1371
5661
9765
3784
5949
6835
411
3620
8245
6661
8680
11380
11182
4191
155
11812
3757
2199
10320
8324
9005
6098
4820
8516
4102
4334
1729
9216
10938
11394
8913
2733
8933
11296
320
3446
4802
8529
1129
5638
2216
6895
9054
1666
3955
10563
4023
6088
2144
7863
10583
10290
8566
4979
971
5447
6799
7652
9771
11331
3069
4369
1348
10501
9211
4267
5007
3851
9014
3038
5839
6271
6520
2656
11737
10341
11437
7566
8799
5531
2871
5209
638
2308
11964
387
9596
10800
8755
6921
11866
2390
8792
10427
7855
3631
6430
2765
1767
11267
6737
11831
8519
6990
10128
5804
1517
10690
7503
10866
5652
5505
4694
5616
6078
8916
5366
11998
908
3401
5346
3562
10909
1840
4422
1227
7595
10911
4214
438
4849
2125
4590
3714
6227
4950
4343
7085
6594
3632
2529
11740
532
8874
8820
7466
7192
3443
8652
2050
1793
7086
3707
10793
7974
2765
385
647
471
1321
446
8229
10347
7033
10892
35
11024
2385
2410
711
8866
485
3365
5019
2840
6144
3268
3462
6015
5524
136
6050
1216
5578
7841
7711
10109
4152
2701
6217
9297
9676
9120
3187
4746
5782
9890
2882
4888
6985
2118
11931
1226
8721
317
8047
5090
6597
10222
2962
367
1610
309
2464
2648
4383
6722
4361
5127
10150
1458
9575
958
1258
1195
305
463
5362
10994
10278
5635
11290
11404
7605
11857
8730
5126
10621
1583
427
4383
9295
8900
482
2556
1426
7479
11671
1403
1812
11399
8334
10298
7918
2587
3457
4457
7332
2393
970
5002
10387
3834
11072
4960
1780
11518
5587
7953
11947
10075
7878
2331
87
3134
7760
2897
4428
1438
10165
11121
3231
10650
10965
892
6446
4726
405
2366
6605
1447
26
7337
2706
10731
2725
3842
8262
3844
11807
9354
584
437
11379
10875
6591
10509
3414
8711
3025
4012
4026
10398
3958
3748
3253
8428
11816
11500
10615
3919
11869
7100
1182
8268
10274
1156
7653
2071
8192
10638
9108
7265
9398
6337
10684
2410
4003
4419
6280
2470
4533
861
8744
1153
8580
9500
2618
84
4588
9779
11613
8501
8104
10931
334
10151
10860
3453
3649
4238
4620
157
9178
10979
5507
11893
9004
1276
8792
1263
9569
4467
728
11238
8016
3806
3001
6443
952
10514
10677
1349
11581
9741
2346
1164
11635
7651
3168
390
3291
6114
8078
10418
9428
10127
11233
9350
2149
5106
11019
4483
3376
6551
11546
2406
9645
3377
1524
9639
5880
4322
7799
2082
3989
2368
5517
4220
7503
6980
4040
1081
3322
2250
1155
11474
11763
6662
47
11747
6661
5189
5668
11608
198
4851
11778
11059
8414
6601
920
6463
1022
5554
2922
8101
9236
4069
5243
9248
5639
118
645
7902
9042
8589
2073
10724
8335
1836
11530
8582
6951
9822
2965
294
3442
11511
4774
3733
11982
6028
9505
3405
5258
2163
4716
946
11282
8340
1680
3676
3033
2055
1690
10407
1690
4063
11258
5193
6312
10181
5303
8483
1437
10664
5704
1376
2934
9417
3144
4234
9767
7127
7207
3854
2981
9504
11001
3749
5285
343
10341
11752
8978
7012
7609
6252
4833
7207
8915
8833
7635
4488
5994
874
3682
95
1570
6902
9438
5934
450
8046
4833
10398
4652
895
9371
4803
11197
8395
243
11765
7915
4085
9083
7674
7768
1107
9755
11759
3603
10813
3782
7793
11179
4645
10526
3570
6467
1178
8159
5630
5910
7754
776
8469
9230
9104
6644
8646
3770
1692
628
10666
1097
2191
4282
5424
4662
11580
11837
9268
11814
8811
9528
8350
10330
11817
9227
6974
2835
6816
11263
10007
10099
9465
3615
10209
6170
3334
3325
1453
4688
6541
3018
10343
2411
6035
4847
11569
5118
11126
1950
2696
4534
9307
3708
9618
6768
6210
11597
6976
983
1767
5382
8235
1641
4217
2670
7828
2616
4517
501
10967
10865
6104
7742
1179
9029
8571
3401
3572
2487
10974
8843
11031
831
6880
4980
11237
6612
9117
7137
4388
7408
7377
10133
6879
10917
2406
2457
6989
2702
450
9089
10721
2608
2966
9508
5503
8600
1288
10928
4285
9851
39
520
4881
8426
2494
6583
5010
10725
7963
3176
517
8117
11416
7619
2634
758
11199
9573
11904
9624
1592
10092
1531
9076
9314
3047
3441
75
6757
11785
8176
216
7846
4638
1092
3257
800
10103
9886
9667
7982
8006
8525
2957
2133
6952
6049
147
2953
10580
1446
6714
3854
1867
11975
8716
4091
3747
5776
5528
6163
5712
6559
5718
2439
3887
4344
8070
10421
2230
1934
5641
2875
5019
7778
6938
5292
3758
8262
918
6635
890
4257
1518
2394
2381
5861
723
1177
11291
9800
982
1858
4849
3830
3812
7310
2379
11761
5978
11245
6526
3332
1444
8490
1844
9208
6551
4217
2691
10731
1453
10236
4662
8845
865
8409
6478
8726
7487
550
286
6170
6233
10901
9744
689
10482
5305
11035
8515
1044
8726
6179
6340
4417
3477
10485
3662
3103
6835
6945
9960
5385
10191
1676
8697
945
8928
6134
9303
8035
2455
9916
766
9674
1595
362
4380
8435
1553
11968
2432
9856
7169
1772
8285
9393
4967
6453
9267
11030
7718
10763
9235
11294
3798
1228
2379
4382
1606
1726
8005
6490
572
8559
3545
4119
1043
2103
5912
10298
5377
9876
1598
8092
10027
39
1537
8643
3233
10911
1772
11229
1127
6950
9351
5406
8637
11012
8647
4309
8519
4288
8409
7515
2185
1439
8394
1627
1679
10810
8297
4823
3214
2424
6963
104
11192
5632
2498
4832
7361
7801
3916
3379
9058
9390
2343
5297
982
9011
547
7439
8947
4777
11731
6762
3349
9258
11989
3329
2814
4778
9777
2083
6535
1632
7947
7490
1288
3876
11572
2966
9916
7990
9778
1266
4275
6548
4216
10587
1226
2379
10527
143
7182
6332
2310
8325
3058
1826
11648
8248
7182
7775
2053
9670
6756
10264
5046
662
966
6539
150
5336
2613
8399
8129
7107
4367
1989
6679
4639
6296
5333
10532
1524
7307
11537
8089
9183
8414
2711
6189
1125
8483
11042
7521
11896
5168
1208
11439
1431
1196
4587
8596
9473
6984
2144
8797
875
777
9890
3868
7264
9069
8036
11121
11491
3000
678
8092
10655
6792
4864
11786
3244
5919
6313
11496
11992
9842
7872
9587
8570
2557
7947
7218
9097
42
3673
12
4621
10858
5544
10086
10416
8792
8483
7565
9826
6319
9018
10908
8847
1014
9262
8816
6258
9748
9824
5446
5307
11555
1564
6849
10396
9537
4273
252
10062
10955
4899
4769
5802
903
10881
8525
886
503
11391
957
6272
7500
3040
4167
101
11510
6539
11728
5005
1816
5324
9223
3508
10708
11881
10078
340
3816
4701
848
1308
4708
6343
8180
3600
4201
2973
11003
10017
3442
6084
10314
9597
9745
11725
3029
1445
9490
9632
9888
9345
7109
10090
291
1779
11238
10095
3229
7526
4569
8618
9041
813
8779
3261
7829
10251
2069
5551
688
10384
8477
7381
3683
11669
7022
8803
5655
2040
9111
5409
7437
10972
289
11933
1959
9017
5542
11540
11971
10339
11754
7416
4737
8538
2797
10794
7130
7368
11901
3514
9837
7506
511
3477
250
10535
851
2022
11691
1633
6645
5310
6150
1244
7244
5213
6610
9037
10394
1000
3279
9003
401
3260
3695
10375
3218
8090
11682
1262
10209
4438
8517
2543
7916
2840
7440
490
8102
5405
7750
4003
6648
2981
3287
4012
5620
5856
9931
8767
9859
5095
4056
5155
1917
6848
8504
9101
6990
5452
4621
9273
2666
7093
342
5991
10934
89
9025
1157
11785
2512
3892
1410
3126
6915
4452
3432
8379
9353
142
5446
9215
11665
6724
8420
8365
2170
10563
10325
10219
6472
8980
1084
1153
8953
1201
6385
9106
4883
4232
5556
10842
8705
1103
10050
11704
4085
3446
6800
6327
11785
10236
4831
7869
160
9837
9981
11765
10275
7065
11437
5839
9164
9043
11060
3793
4703
8989
1999
7686
1811
1845
3178
944
4408
9778
493
8793
10581
1121
2371
9669
9826
5193
6387
11278
11028
1685
7157
10388
23
8974
5557
8283
10103
6697
1553
2003
11761
337
11541
7060
9274
5311
6064
6284
3366
11195
11147
5761
5248
3242
4186
8543
3757
226
3490
9861
2096
6901
6979
6041
5863
4007
485
9145
11564
8794
5245
2532
2776
2344
3855
7165
9373
848
5876
6363
3911
6005
691
6097
10324
9336
3895
8569
3481
2004
10628
8924
7964
4061
8760
4372
8577
6618
4649
7851
7654
5500
6461
4505
9154
11306
10621
2901
800
8547
5971
9790
3221
5707
3540
1582
7072
4548
9578
9390
1530
881
9596
1571
2384
2297
1668
6152
11052
2969
4057
9329
9454
11657
5495
3467
11559
10444
2052
6559
6719
4477
8476
11074
2584
3126
281
7456
10422
2500
3574
10213
9080
2131
6701
4631
3653
898
1308
1571
9041
6921
2241
671
1151
3130
1937
10425
1428
2641
5597
1230
1654
1797
4363
10414
3657
5901
7132
4583
2604
7147
11306
6355
10959
175
8956
1564
2997
11915
5289
3536
921
11008
3213
2809
7179
173
4996
1890
9488
10169
11634
5228
9380
2855
2522
492
7728
957
382
4626
1787
1624
5098
784
7665
3817
3280
8390
3958
1766
11800
11959
459
419
9409
5176
6351
9775
10821
4925
5258
5414
2172
7507
11803
2294
1836
4274
5981
5993
11852
10208
1716
114
3008
6663
370
4465
10703
10601
4780
3849
5184
5047
4570
5981
10640
11377
5000
7018
6830
5178
3568
616
6557
2074
4852
5161
2253
7789
8755
3957
11331
2082
10347
6693
2645
4892
2939
7370
11554
11079
7799
6137
4514
5606
81
4134
39
3856
5113
3438
3033
1936
6068
8597
4159
1419
9365
9
6864
3934
5804
528
8037
1301
7480
1190
1999
653
8936
5853
5671
9018
7824
9789
7169
6322
9492
11918
5019
7568
11471
10374
6355
6161
5740
6484
10081
4919
970
7005
2975
3261
1563
599
11057
2386
1406
43
11262
10951
9639
6535
3597
5838
7529
6753
7399
6061
7737
4946
1207
640
5778
5325
9959
5536
6412
10449
7852
6265
10984
9032
6180
11774
5407
11755
4802
5490
4536
154
7650
7154
3050
9569
8774
2104
11837
8378
5912
1160
9946
6394
9408
8044
7809
9309
9573
4506
9264
9434
5132
3876
2282
5799
11440
11714
914
2751
11456
3569
37
9742
1233
4546
5910
3870
2750
9446
1306
5008
10437
3718
6210
10972
3545
6262
7537
11211
10814
7322
2346
9883
8405
2319
204
10945
7148
5363
2125
9000
420
8551
7476
10200
7756
10858
8705
1344
5375
5472
4523
600
3305
2895
7337
7910
1613
10958
8277
3146
3509
4085
1086
11474
682
4728
10426
4140
4216
1829
4807
1044
4768
8500
7446
4954
461
1819
5681
2121
5996
11693
5476
2319
8023
1196
9618
6937
3626
11642
815
6813
11026
7787
7805
9846
6203
8218
11850
6199
8138
6842
715
8044
692
11789
1212
11313
8918
7696
3859
10786
5664
6433
9957
1151
2843
5772
10587
7262
4566
5338
552
6846
10588
10355
10222
2332
2127
2304
498
1178
6070
3545
6852
4252
5951
10264
1346
7325
4839
10837
11042
7601
2327
8755
6937
3504
5343
10710
3782
5554
10332
9258
3638
7175
607
1693
6974
8691
1242
6324
392
5488
4902
8291
1733
2498
1323
5414
1358
1639
6915
2213
2824
6749
3034
9374
4958
5814
3994
6324
510
6921
8693
4460
6106
6377
11003
3728
122
10832
5655
1848
5441
7994
333
9431
8646
6666
11054
1537
8341
10353
8627
4966
612
9555
3129
574
11520
8153
741
3450
6606
2893
3231
2525
2012
33
8529
11450
2668
3552
11500
107
8330
9124
8949
5109
1912
3176
6301
1912
6599
870
5080
4945
8629
8719
4455
9132
3465
6830
8576
740
2193
